Area:(0, 0)(1000, 0)(1000, 1000)(0, 1000)
Rule:GATE(5,5);SD(5,5);GATE_SD(0.5);GATE_ITO(0.5);SD_ITO(0.5)
Module:M1
Boundary:(0, 0)(30, 0)(30, 20)(20, 20)(20, 30)(10, 30)(10, 10)(0, 10);GATE
Module:M2
Boundary:(40, 0)(70, 0)(70, 10)(60, 10)(60, 30)(50, 30)(50, 20)(40, 20);GATE
Module:M3
Boundary:(80, 0)(100, 0)(100, 10)(110, 10)(110, 20)(90, 20)(90, 30)(80, 30);GATE
Module:M4
Boundary:(120, 0)(130, 0)(130, 10)(150, 10)(150, 20)(140, 20)(140, 30)(120, 30);GATE
Module:M5
Boundary:(0, 40)(10, 40)(10, 40)(20, 40)(20, 60)(30, 60)(30, 70)(0, 70);GATE