Area:(0, 0)(400, 0)(400, 200)(0, 200)
Rule:GATE(5,5);SD(5,5);GATE_SD(0.5);GATE_ITO(0.5);SD_ITO(0.5)
Module:M1
Boundary:(0, 0)(30, 0)(30, 20)(20, 20)(20, 30)(10, 30)(10, 10)(0, 10);GATE
Module:M2
Boundary:(40, 0)(70, 0)(70, 10)(60, 10)(60, 30)(50, 30)(50, 20)(40, 20);GATE
Module:M3
Boundary:(80, 0)(100, 0)(100, 10)(110, 10)(110, 20)(90, 20)(90, 30)(80, 30);GATE
Module:M4
Boundary:(120, 0)(130, 0)(130, 10)(150, 10)(150, 20)(140, 20)(140, 30)(120, 30);GATE
Module:M5
Boundary:(0, 50)(10, 50)(10, 40)(20, 40)(20, 60)(30, 60)(30, 70)(0, 70);GATE
Module:M6
Boundary:(40, 60)(50, 60)(50, 40)(60, 40)(60, 50)(70, 50)(70, 70)(40, 70);GATE
Module:M7
Boundary:(80, 50)(100, 50)(100, 40)(110, 40)(110, 70)(90, 70)(90, 60)(80, 60);GATE
Module:M8
Boundary:(120, 50)(130, 50)(130, 40)(150, 40)(150, 70)(140, 70)(140, 60)(120, 60);GATE
Module:M9
Boundary:(0, 80)(30, 80)(30, 90)(20, 90)(20, 100)(10, 100)(10, 90)(0, 90);GATE
Module:M10
Boundary:(40, 80)(50, 80)(50, 90)(60, 90)(60, 100)(50, 100)(50, 110)(40, 110);GATE
Module:M11
Boundary:(70, 90)(80, 90)(80, 80)(90, 80)(90, 90)(100, 90)(100, 100)(70, 100);GATE
Module:M12
Boundary:(110, 90)(120, 90)(120, 80)(130, 80)(130, 110)(120, 110)(120, 100)(110, 100);GATE