Area:(-30.0, -30.0)(1086.2, -30.0)(1086.2, 721.0)(-30.0, 721.0)
Rule:GATE(5,5);SD(5,5);GATE_SD(0.5);GATE_ITO(0.5);SD_ITO(0.5)
Module:M14
Boundary:(359.9, 241.4)(359.9, 289.6)(262.8, 289.6)(262.8, 302.4)(190.9, 302.4)(190.9, 241.4);GATE
Port:(190.9, 253.2)(196.3, 253.2)(196.3, 290.7)(190.9, 290.7);SD
Port:(359.9, 241.4)(359.9, 289.6)(262.8, 289.6)(262.8, 302.4)(197.2, 302.4)(197.2, 241.4);GATE
Port:(349.0, 246.2)(355.2, 246.2)(355.2, 282.7)(349.0, 282.7);SD
Module:M9
Boundary:(160.9, 210.8)(160.9, 312.6)(20.0, 312.6)(20.0, 210.8);GATE
Port:(20.0, 224.0)(25.7, 224.0)(25.7, 299.3)(20.0, 299.3);SD
Port:(160.9, 210.8)(160.9, 312.6)(27.1, 312.6)(27.1, 210.8);GATE
Port:(150.2, 215.9)(156.8, 215.9)(156.8, 290.5)(150.2, 290.5);SD
Module:M5
Boundary:(326.1, 10.0)(443.7, 10.0)(443.7, 114.2)(326.1, 114.2);GATE
Port:(338.9, 108.8)(430.9, 108.8)(430.9, 114.2)(338.9, 114.2);SD
Port:(326.1, 10.0)(443.7, 10.0)(443.7, 107.0)(326.1, 107.0);GATE
Port:(331.9, 14.7)(421.0, 14.7)(421.0, 19.5)(331.9, 19.5);SD
Module:M11
Boundary:(398.0, 574.1)(398.0, 641.5)(246.9, 641.5)(246.9, 574.1);GATE
Port:(246.9, 588.1)(252.2, 588.1)(252.2, 627.5)(246.9, 627.5);SD
Port:(398.0, 574.1)(398.0, 641.5)(254.1, 641.5)(254.1, 574.1);GATE
Port:(386.7, 580.7)(392.3, 580.7)(392.3, 634.9)(386.7, 634.9);SD
Module:M1
Boundary:(739.5, 426.0)(739.5, 497.6)(578.4, 497.6)(578.4, 426.0);GATE
Port:(578.4, 440.3)(583.7, 440.3)(583.7, 483.3)(578.4, 483.3);SD
Port:(739.5, 426.0)(739.5, 497.6)(585.2, 497.6)(585.2, 426.0);GATE
Port:(728.6, 431.3)(735.2, 431.3)(735.2, 474.2)(728.6, 474.2);SD
Module:M27
Boundary:(371.0, 322.4)(371.0, 428.6)(226.9, 428.6)(226.9, 322.4);GATE
Port:(226.9, 336.1)(231.7, 336.1)(231.7, 414.9)(226.9, 414.9);SD
Port:(371.0, 322.4)(371.0, 428.6)(234.3, 428.6)(234.3, 322.4);GATE
Port:(360.6, 328.3)(366.1, 328.3)(366.1, 422.7)(360.6, 422.7);SD
Module:M24
Boundary:(437.5, 548.1)(543.3, 548.1)(543.3, 676.5)(437.5, 676.5);GATE
Port:(452.9, 655.8)(527.9, 655.8)(527.9, 661.6)(452.9, 661.6);SD
Port:(437.5, 548.1)(543.3, 548.1)(543.3, 676.5)(437.5, 676.5);GATE
Port:(444.8, 553.6)(536.0, 553.6)(536.0, 560.4)(444.8, 560.4);SD
Module:M19
Boundary:(933.8, 335.2)(1046.2, 335.2)(1046.2, 490.7)(933.8, 490.7);GATE
Port:(949.2, 484.8)(1030.8, 484.8)(1030.8, 490.7)(949.2, 490.7);SD
Port:(933.8, 335.2)(1046.2, 335.2)(1046.2, 483.0)(933.8, 483.0);GATE
Port:(940.2, 340.6)(1021.4, 340.6)(1021.4, 347.4)(940.2, 347.4);SD
Module:M6
Boundary:(1013.0, 185.7)(1013.0, 278.1)(982.3, 278.1)(982.3, 295.2)(904.9, 295.2)(904.9, 185.7);GATE
Port:(904.9, 200.5)(909.2, 200.5)(909.2, 280.5)(904.9, 280.5);SD
Port:(1013.0, 185.7)(1013.0, 278.1)(982.3, 278.1)(982.3, 295.2)(910.9, 295.2)(910.9, 185.7);GATE
Port:(1001.3, 191.2)(1008.5, 191.2)(1008.5, 271.6)(1001.3, 271.6);SD
Module:M21
Boundary:(804.3, 10.0)(893.3, 10.0)(893.3, 103.1)(804.3, 103.1);GATE
Port:(816.6, 98.7)(881.0, 98.7)(881.0, 103.1)(816.6, 103.1);SD
Port:(804.3, 10.0)(893.3, 10.0)(893.3, 97.3)(804.3, 97.3);GATE
Port:(809.6, 14.3)(873.6, 14.3)(873.6, 20.0)(809.6, 20.0);SD
Module:M2
Boundary:(344.1, 458.6)(344.1, 509.0)(320.8, 509.0)(320.8, 524.1)(236.9, 524.1)(236.9, 458.6);GATE
Port:(236.9, 471.5)(241.8, 471.5)(241.8, 511.3)(236.9, 511.3);SD
Port:(344.1, 458.6)(344.1, 509.0)(320.8, 509.0)(320.8, 524.1)(243.2, 524.1)(243.2, 458.6);GATE
Port:(333.9, 465.4)(338.4, 465.4)(338.4, 501.3)(333.9, 501.3);SD
Module:M16
Boundary:(108.7, 471.5)(191.3, 471.5)(191.3, 603.2)(206.3, 603.2)(206.3, 636.6)(108.7, 636.6);GATE
Port:(121.7, 630.9)(193.2, 630.9)(193.2, 636.6)(121.7, 636.6);SD
Port:(108.7, 471.5)(191.3, 471.5)(191.3, 603.2)(206.3, 603.2)(206.3, 629.4)(108.7, 629.4);GATE
Port:(114.8, 476.6)(184.2, 476.6)(184.2, 482.7)(114.8, 482.7);SD
Module:M13
Boundary:(642.8, 30.0)(642.8, 128.9)(483.7, 128.9)(483.7, 30.0);GATE
Port:(483.7, 43.7)(488.2, 43.7)(488.2, 115.2)(483.7, 115.2);SD
Port:(642.8, 30.0)(642.8, 128.9)(489.8, 128.9)(489.8, 30.0);GATE
Port:(632.0, 36.4)(637.4, 36.4)(637.4, 122.5)(632.0, 122.5);SD
Module:M10
Boundary:(746.4, 557.6)(746.4, 627.1)(619.8, 627.1)(619.8, 642.0)(582.7, 642.0)(582.7, 557.6);GATE
Port:(582.7, 572.2)(588.6, 572.2)(588.6, 627.4)(582.7, 627.4);SD
Port:(746.4, 557.6)(746.4, 627.1)(619.8, 627.1)(619.8, 642.0)(589.8, 642.0)(589.8, 557.6);GATE
Port:(734.5, 564.6)(740.4, 564.6)(740.4, 619.1)(734.5, 619.1);SD
Module:M29
Boundary:(538.4, 400.5)(538.4, 527.9)(391.0, 527.9)(391.0, 400.5);GATE
Port:(391.0, 416.5)(396.7, 416.5)(396.7, 511.9)(391.0, 511.9);SD
Port:(538.4, 400.5)(538.4, 527.9)(399.1, 527.9)(399.1, 400.5);GATE
Port:(525.2, 407.1)(532.8, 407.1)(532.8, 503.6)(525.2, 503.6);SD
Module:M7
Boundary:(1037.4, 20.0)(1037.4, 135.7)(923.3, 135.7)(923.3, 20.0);GATE
Port:(923.3, 33.7)(928.0, 33.7)(928.0, 122.0)(923.3, 122.0);SD
Port:(1037.4, 20.0)(1037.4, 135.7)(931.0, 135.7)(931.0, 20.0);GATE
Port:(1026.6, 25.9)(1032.5, 25.9)(1032.5, 113.6)(1026.6, 113.6);SD
Module:M3
Boundary:(854.9, 133.1)(854.9, 231.9)(692.8, 231.9)(692.8, 133.1);GATE
Port:(692.8, 147.1)(698.4, 147.1)(698.4, 217.9)(692.8, 217.9);SD
Port:(854.9, 133.1)(854.9, 231.9)(700.0, 231.9)(700.0, 133.1);GATE
Port:(843.1, 139.4)(849.6, 139.4)(849.6, 225.6)(843.1, 225.6);SD
Module:M26
Boundary:(10.0, 342.6)(60.9, 342.6)(60.9, 403.3)(75.3, 403.3)(75.3, 484.5)(10.0, 484.5);GATE
Port:(23.4, 478.9)(62.0, 478.9)(62.0, 484.5)(23.4, 484.5);SD
Port:(10.0, 342.6)(60.9, 342.6)(60.9, 403.3)(75.3, 403.3)(75.3, 476.3)(10.0, 476.3);GATE
Port:(16.6, 348.1)(53.3, 348.1)(53.3, 353.5)(16.6, 353.5);SD
Module:M23
Boundary:(442.4, 134.2)(442.4, 221.4)(326.1, 221.4)(326.1, 134.2);GATE
Port:(326.1, 149.2)(332.0, 149.2)(332.0, 206.4)(326.1, 206.4);SD
Port:(442.4, 134.2)(442.4, 221.4)(333.3, 221.4)(333.3, 134.2);GATE
Port:(430.2, 140.3)(437.3, 140.3)(437.3, 215.3)(430.2, 215.3);SD
Module:M18
Boundary:(191.2, 10.0)(290.5, 10.0)(290.5, 12.3)(306.1, 12.3)(306.1, 174.7)(191.2, 174.7);GATE
Port:(203.6, 168.9)(293.7, 168.9)(293.7, 174.7)(203.6, 174.7);SD
Port:(191.2, 10.0)(290.5, 10.0)(290.5, 12.3)(306.1, 12.3)(306.1, 167.2)(191.2, 167.2);GATE
Port:(196.4, 14.2)(284.3, 14.2)(284.3, 19.7)(196.4, 19.7);SD
Module:M20
Boundary:(913.8, 371.4)(913.8, 478.2)(853.3, 478.2)(853.3, 494.6)(786.4, 494.6)(786.4, 371.4);GATE
Port:(786.4, 386.1)(792.1, 386.1)(792.1, 480.0)(786.4, 480.0);SD
Port:(913.8, 371.4)(913.8, 478.2)(853.3, 478.2)(853.3, 494.6)(795.0, 494.6)(795.0, 371.4);GATE
Port:(902.2, 377.5)(908.8, 377.5)(908.8, 471.1)(902.2, 471.1);SD
Module:M15
Boundary:(543.0, 279.6)(543.0, 370.5)(401.0, 370.5)(401.0, 279.6);GATE
Port:(401.0, 291.0)(406.7, 291.0)(406.7, 359.1)(401.0, 359.1);SD
Port:(543.0, 279.6)(543.0, 370.5)(408.8, 370.5)(408.8, 279.6);GATE
Port:(533.3, 285.2)(538.4, 285.2)(538.4, 365.0)(533.3, 365.0);SD
Module:M12
Boundary:(701.9, 279.6)(701.9, 361.6)(624.0, 361.6)(624.0, 376.0)(583.0, 376.0)(583.0, 279.6);GATE
Port:(583.0, 293.6)(588.8, 293.6)(588.8, 362.0)(583.0, 362.0);SD
Port:(701.9, 279.6)(701.9, 361.6)(624.0, 361.6)(624.0, 376.0)(590.9, 376.0)(590.9, 279.6);GATE
Port:(690.6, 286.4)(696.1, 286.4)(696.1, 353.8)(690.6, 353.8);SD
Module:M8
Boundary:(640.1, 178.9)(640.1, 225.8)(536.4, 225.8)(536.4, 239.6)(473.7, 239.6)(473.7, 178.9);GATE
Port:(473.7, 191.1)(479.6, 191.1)(479.6, 227.4)(473.7, 227.4);SD
Port:(640.1, 178.9)(640.1, 225.8)(536.4, 225.8)(536.4, 239.6)(482.4, 239.6)(482.4, 178.9);GATE
Port:(629.7, 183.9)(636.0, 183.9)(636.0, 219.8)(629.7, 219.8);SD
Module:M4
Boundary:(162.2, 119.8)(162.2, 167.3)(77.8, 167.3)(77.8, 180.8)(10.0, 180.8)(10.0, 119.8);GATE
Port:(10.0, 132.4)(14.4, 132.4)(14.4, 168.3)(10.0, 168.3);SD
Port:(162.2, 119.8)(162.2, 167.3)(77.8, 167.3)(77.8, 180.8)(16.3, 180.8)(16.3, 119.8);GATE
Port:(151.6, 125.3)(157.8, 125.3)(157.8, 160.9)(151.6, 160.9);SD
Module:M28
Boundary:(95.3, 342.6)(189.7, 342.6)(189.7, 359.5)(206.9, 359.5)(206.9, 451.5)(95.3, 451.5);GATE
Port:(111.4, 446.6)(190.9, 446.6)(190.9, 451.5)(111.4, 451.5);SD
Port:(95.3, 342.6)(189.7, 342.6)(189.7, 359.5)(206.9, 359.5)(206.9, 444.2)(95.3, 444.2);GATE
Port:(101.3, 347.5)(182.7, 347.5)(182.7, 355.2)(101.3, 355.2);SD
Module:M30
Boundary:(861.9, 261.9)(861.9, 338.3)(803.3, 338.3)(803.3, 351.4)(731.9, 351.4)(731.9, 261.9);GATE
Port:(731.9, 275.1)(737.2, 275.1)(737.2, 338.3)(731.9, 338.3);SD
Port:(861.9, 261.9)(861.9, 338.3)(803.3, 338.3)(803.3, 351.4)(740.2, 351.4)(740.2, 261.9);GATE
Port:(850.8, 267.6)(857.3, 267.6)(857.3, 331.6)(850.8, 331.6);SD
Module:M25
Boundary:(171.2, 10.0)(171.2, 99.8)(10.0, 99.8)(10.0, 10.0);GATE
Port:(10.0, 21.5)(15.0, 21.5)(15.0, 88.4)(10.0, 88.4);SD
Port:(171.2, 10.0)(171.2, 99.8)(16.0, 99.8)(16.0, 10.0);GATE
Port:(161.7, 15.3)(166.9, 15.3)(166.9, 94.5)(161.7, 94.5);SD
Module:M22
Boundary:(682.8, 10.0)(784.3, 10.0)(784.3, 97.9)(682.8, 97.9);GATE
Port:(696.2, 93.6)(770.9, 93.6)(770.9, 97.9)(696.2, 97.9);SD
Port:(682.8, 10.0)(784.3, 10.0)(784.3, 91.7)(682.8, 91.7);GATE
Port:(688.1, 13.8)(779.0, 13.8)(779.0, 19.8)(688.1, 19.8);SD
Module:M17
Boundary:(10.0, 504.5)(88.7, 504.5)(88.7, 661.0)(10.0, 661.0);GATE
Port:(23.4, 656.3)(75.2, 656.3)(75.2, 661.0)(23.4, 661.0);SD
Port:(10.0, 504.5)(88.7, 504.5)(88.7, 655.1)(10.0, 655.1);GATE
Port:(15.5, 509.0)(68.0, 509.0)(68.0, 515.2)(15.5, 515.2);SD
