Area:(-30.0, -42.5)(839.2, -42.5)(839.2, 462.2)(-30.0, 462.2)
Rule:GATE(5,5);SD(5,5);GATE_SD(0.5);GATE_ITO(0.5);SD_ITO(0.5)
Module:M14
Boundary:(510.9, 321.0)(597.0, 321.0)(597.0, 332.0)(613.3, 332.0)(613.3, 422.2)(510.9, 422.2);GATE
Port:(524.0, 416.9)(600.2, 416.9)(600.2, 422.2)(524.0, 422.2);SD
Port:(510.9, 321.0)(597.0, 321.0)(597.0, 332.0)(613.3, 332.0)(613.3, 414.4)(510.9, 414.4);GATE
Port:(516.1, 325.2)(590.7, 325.2)(590.7, 330.7)(516.1, 330.7);SD
Module:M9
Boundary:(799.2, 342.5)(799.2, 411.6)(643.3, 411.6)(643.3, 342.5);GATE
Port:(643.3, 356.9)(647.3, 356.9)(647.3, 397.2)(643.3, 397.2);SD
Port:(799.2, 342.5)(799.2, 411.6)(648.5, 411.6)(648.5, 342.5);GATE
Port:(787.3, 348.1)(794.6, 348.1)(794.6, 389.2)(787.3, 389.2);SD
Module:M5
Boundary:(142.8, 326.9)(142.8, 410.4)(10.0, 410.4)(10.0, 326.9);GATE
Port:(10.0, 340.1)(14.5, 340.1)(14.5, 397.2)(10.0, 397.2);SD
Port:(142.8, 326.9)(142.8, 410.4)(16.4, 410.4)(16.4, 326.9);GATE
Port:(132.4, 333.6)(137.1, 333.6)(137.1, 403.7)(132.4, 403.7);SD
Module:M11
Boundary:(470.9, 294.5)(470.9, 401.4)(333.8, 401.4)(333.8, 294.5);GATE
Port:(333.8, 309.2)(338.8, 309.2)(338.8, 386.6)(333.8, 386.6);SD
Port:(470.9, 294.5)(470.9, 401.4)(341.0, 401.4)(341.0, 294.5);GATE
Port:(459.1, 300.7)(465.6, 300.7)(465.6, 377.7)(459.1, 377.7);SD
Module:M1
Boundary:(171.9, 30.0)(250.2, 30.0)(250.2, 151.5)(171.9, 151.5);GATE
Port:(185.0, 146.0)(237.1, 146.0)(237.1, 151.5)(185.0, 151.5);SD
Port:(171.9, 30.0)(250.2, 30.0)(250.2, 143.9)(171.9, 143.9);GATE
Port:(178.1, 35.2)(228.8, 35.2)(228.8, 40.7)(178.1, 40.7);SD
Module:M6
Boundary:(413.5, 30.0)(413.5, 97.2)(382.4, 97.2)(382.4, 112.9)(310.2, 112.9)(310.2, 30.0);GATE
Port:(310.2, 43.0)(314.9, 43.0)(314.9, 99.9)(310.2, 99.9);SD
Port:(413.5, 30.0)(413.5, 97.2)(382.4, 97.2)(382.4, 112.9)(317.2, 112.9)(317.2, 30.0);GATE
Port:(403.7, 35.5)(409.0, 35.5)(409.0, 90.7)(403.7, 90.7);SD
Module:M2
Boundary:(20.0, 20.0)(106.1, 20.0)(106.1, 105.6)(121.9, 105.6)(121.9, 161.7)(20.0, 161.7);GATE
Port:(33.4, 156.3)(108.5, 156.3)(108.5, 161.7)(33.4, 161.7);SD
Port:(20.0, 20.0)(106.1, 20.0)(106.1, 105.6)(121.9, 105.6)(121.9, 154.5)(20.0, 154.5);GATE
Port:(26.3, 25.3)(98.8, 25.3)(98.8, 30.9)(26.3, 30.9);SD
Module:M16
Boundary:(453.5, 10.0)(557.8, 10.0)(557.8, 26.0)(573.9, 26.0)(573.9, 142.8)(453.5, 142.8);GATE
Port:(467.5, 138.5)(560.0, 138.5)(560.0, 142.8)(467.5, 142.8);SD
Port:(453.5, 10.0)(557.8, 10.0)(557.8, 26.0)(573.9, 26.0)(573.9, 137.3)(453.5, 137.3);GATE
Port:(459.7, 15.2)(550.5, 15.2)(550.5, 20.9)(459.7, 20.9);SD
Module:M13
Boundary:(613.9, 30.0)(682.0, 30.0)(682.0, 139.5)(613.9, 139.5);GATE
Port:(627.3, 134.4)(668.6, 134.4)(668.6, 139.5)(627.3, 139.5);SD
Port:(613.9, 30.0)(682.0, 30.0)(682.0, 131.9)(613.9, 131.9);GATE
Port:(619.3, 34.3)(659.3, 34.3)(659.3, 40.5)(619.3, 40.5);SD
Module:M10
Boundary:(184.0, 237.1)(273.8, 237.1)(273.8, 369.6)(184.0, 369.6);GATE
Port:(198.4, 364.7)(259.4, 364.7)(259.4, 369.6)(198.4, 369.6);SD
Port:(184.0, 237.1)(273.8, 237.1)(273.8, 362.8)(184.0, 362.8);GATE
Port:(189.7, 241.8)(268.1, 241.8)(268.1, 248.2)(189.7, 248.2);SD
Module:M7
Boundary:(561.8, 189.5)(625.9, 189.5)(625.9, 291.0)(561.8, 291.0);GATE
Port:(575.4, 285.3)(612.4, 285.3)(612.4, 291.0)(575.4, 291.0);SD
Port:(561.8, 189.5)(625.9, 189.5)(625.9, 284.2)(561.8, 284.2);GATE
Port:(568.4, 195.0)(619.4, 195.0)(619.4, 200.7)(568.4, 200.7);SD
Module:M3
Boundary:(521.8, 172.8)(521.8, 234.4)(416.9, 234.4)(416.9, 172.8);GATE
Port:(416.9, 185.2)(422.2, 185.2)(422.2, 222.0)(416.9, 222.0);SD
Port:(521.8, 172.8)(521.8, 234.4)(425.0, 234.4)(425.0, 172.8);GATE
Port:(511.4, 179.1)(516.5, 179.1)(516.5, 228.1)(511.4, 228.1);SD
Module:M15
Boundary:(134.0, 201.7)(134.0, 296.9)(20.0, 296.9)(20.0, 201.7);GATE
Port:(20.0, 216.0)(25.6, 216.0)(25.6, 282.5)(20.0, 282.5);SD
Port:(134.0, 201.7)(134.0, 296.9)(28.0, 296.9)(28.0, 201.7);GATE
Port:(123.0, 207.3)(129.4, 207.3)(129.4, 291.3)(123.0, 291.3);SD
Module:M4
Boundary:(313.8, 158.6)(373.8, 158.6)(373.8, 218.3)(386.9, 218.3)(386.9, 254.5)(313.8, 254.5);GATE
Port:(326.2, 250.3)(374.5, 250.3)(374.5, 254.5)(326.2, 254.5);SD
Port:(313.8, 158.6)(373.8, 158.6)(373.8, 218.3)(386.9, 218.3)(386.9, 249.2)(313.8, 249.2);GATE
Port:(320.3, 164.0)(366.4, 164.0)(366.4, 168.7)(320.3, 168.7);SD
Module:M12
Boundary:(679.6, 153.3)(768.6, 153.3)(768.6, 210.7)(789.8, 210.7)(789.8, 299.2)(679.6, 299.2);GATE
Port:(694.6, 295.0)(774.9, 295.0)(774.9, 299.2)(694.6, 299.2);SD
Port:(679.6, 153.3)(768.6, 153.3)(768.6, 210.7)(789.8, 210.7)(789.8, 295.5)(679.6, 295.5);GATE
Port:(685.9, 158.5)(765.5, 158.5)(765.5, 165.2)(685.9, 165.2);SD
Module:M8
Boundary:(709.5, 12.3)(759.2, 12.3)(759.2, -2.5)(790.6, -2.5)(790.6, 129.7)(709.5, 129.7);GATE
Port:(726.5, 124.9)(774.6, 124.9)(774.6, 129.7)(726.5, 129.7);SD
Port:(709.5, 12.3)(759.2, 12.3)(759.2, -2.5)(790.6, -2.5)(790.6, 123.5)(709.5, 123.5);GATE
Port:(718.8, 17.1)(768.2, 17.1)(768.2, 23.8)(718.8, 23.8);SD
