Area:(-30.0, -30.0)(918.3, -30.0)(918.3, 534.5)(-30.0, 534.5)
Rule:GATE(5,5);SD(5,5);GATE_SD(0.5);GATE_ITO(0.5);SD_ITO(0.5)
Module:M14
Boundary:(137.2, 121.5)(224.4, 121.5)(224.4, 216.6)(240.8, 216.6)(240.8, 288.5)(137.2, 288.5);GATE
Port:(150.4, 283.4)(227.6, 283.4)(227.6, 288.5)(150.4, 288.5);SD
Port:(137.2, 121.5)(224.4, 121.5)(224.4, 216.6)(240.8, 216.6)(240.8, 281.3)(137.2, 281.3);GATE
Port:(143.2, 126.5)(217.4, 126.5)(217.4, 132.1)(143.2, 132.1);SD
Module:M9
Boundary:(795.2, 20.0)(873.1, 20.0)(873.1, 170.5)(795.2, 170.5);GATE
Port:(807.8, 166.2)(860.5, 166.2)(860.5, 170.5)(807.8, 170.5);SD
Port:(795.2, 20.0)(873.1, 20.0)(873.1, 163.3)(795.2, 163.3);GATE
Port:(800.9, 24.7)(852.4, 24.7)(852.4, 30.8)(800.9, 30.8);SD
Module:M5
Boundary:(506.5, 10.0)(606.8, 10.0)(606.8, 176.1)(506.5, 176.1);GATE
Port:(520.9, 170.6)(592.4, 170.6)(592.4, 176.1)(520.9, 176.1);SD
Port:(506.5, 10.0)(606.8, 10.0)(606.8, 168.7)(506.5, 168.7);GATE
Port:(512.2, 14.7)(601.0, 14.7)(601.0, 21.7)(512.2, 21.7);SD
Module:M11
Boundary:(285.2, 30.0)(341.2, 30.0)(341.2, 154.4)(285.2, 154.4);GATE
Port:(300.2, 148.7)(326.1, 148.7)(326.1, 154.4)(300.2, 154.4);SD
Port:(285.2, 30.0)(341.2, 30.0)(341.2, 147.3)(285.2, 147.3);GATE
Port:(291.0, 34.8)(335.4, 34.8)(335.4, 42.0)(291.0, 42.0);SD
Module:M1
Boundary:(572.3, 369.7)(572.3, 474.2)(443.8, 474.2)(443.8, 369.7);GATE
Port:(443.8, 385.0)(447.9, 385.0)(447.9, 458.9)(443.8, 458.9);SD
Port:(572.3, 369.7)(572.3, 474.2)(449.2, 474.2)(449.2, 369.7);GATE
Port:(559.6, 376.7)(566.3, 376.7)(566.3, 467.2)(559.6, 467.2);SD
Module:M19
Boundary:(878.3, 401.5)(878.3, 494.5)(764.4, 494.5)(764.4, 401.5);GATE
Port:(764.4, 417.6)(769.2, 417.6)(769.2, 478.5)(764.4, 478.5);SD
Port:(878.3, 401.5)(878.3, 494.5)(770.4, 494.5)(770.4, 401.5);GATE
Port:(865.1, 408.4)(872.4, 408.4)(872.4, 487.6)(865.1, 487.6);SD
Module:M6
Boundary:(401.2, 30.0)(452.4, 30.0)(452.4, 74.7)(466.5, 74.7)(466.5, 165.0)(401.2, 165.0);GATE
Port:(415.3, 159.1)(452.4, 159.1)(452.4, 165.0)(415.3, 165.0);SD
Port:(401.2, 30.0)(452.4, 30.0)(452.4, 74.7)(466.5, 74.7)(466.5, 157.4)(401.2, 157.4);GATE
Port:(407.6, 35.4)(445.0, 35.4)(445.0, 41.8)(407.6, 41.8);SD
Module:M2
Boundary:(585.9, 215.0)(585.9, 303.9)(510.6, 303.9)(510.6, 319.7)(476.4, 319.7)(476.4, 215.0);GATE
Port:(476.4, 229.9)(481.5, 229.9)(481.5, 304.8)(476.4, 304.8);SD
Port:(585.9, 215.0)(585.9, 303.9)(510.6, 303.9)(510.6, 319.7)(483.8, 319.7)(483.8, 215.0);GATE
Port:(573.3, 221.8)(580.2, 221.8)(580.2, 296.1)(573.3, 296.1);SD
Module:M16
Boundary:(10.0, 199.2)(103.7, 199.2)(103.7, 218.7)(117.2, 218.7)(117.2, 339.9)(10.0, 339.9);GATE
Port:(24.1, 334.1)(103.1, 334.1)(103.1, 339.9)(24.1, 339.9);SD
Port:(10.0, 199.2)(103.7, 199.2)(103.7, 218.7)(117.2, 218.7)(117.2, 333.0)(10.0, 333.0);GATE
Port:(16.9, 205.1)(95.8, 205.1)(95.8, 211.1)(16.9, 211.1);SD
Module:M13
Boundary:(784.4, 220.5)(865.6, 220.5)(865.6, 361.5)(784.4, 361.5);GATE
Port:(797.3, 356.5)(852.7, 356.5)(852.7, 361.5)(797.3, 361.5);SD
Port:(784.4, 220.5)(865.6, 220.5)(865.6, 354.6)(784.4, 354.6);GATE
Port:(790.2, 225.3)(859.8, 225.3)(859.8, 231.0)(790.2, 231.0);SD
Module:M10
Boundary:(383.8, 363.6)(383.8, 457.1)(341.3, 457.1)(341.3, 470.7)(225.5, 470.7)(225.5, 363.6);GATE
Port:(225.5, 377.0)(231.0, 377.0)(231.0, 457.4)(225.5, 457.4);SD
Port:(383.8, 363.6)(383.8, 457.1)(341.3, 457.1)(341.3, 470.7)(232.1, 470.7)(232.1, 363.6);GATE
Port:(372.6, 369.6)(378.7, 369.6)(378.7, 450.1)(372.6, 450.1);SD
Module:M7
Boundary:(625.9, 208.7)(734.4, 208.7)(734.4, 376.9)(625.9, 376.9);GATE
Port:(641.3, 371.7)(719.0, 371.7)(719.0, 376.9)(641.3, 376.9);SD
Port:(625.9, 208.7)(734.4, 208.7)(734.4, 370.0)(625.9, 370.0);GATE
Port:(632.7, 214.5)(727.6, 214.5)(727.6, 220.9)(632.7, 220.9);SD
Module:M3
Boundary:(270.8, 204.4)(350.4, 204.4)(350.4, 313.6)(270.8, 313.6);GATE
Port:(284.4, 309.3)(336.8, 309.3)(336.8, 313.6)(284.4, 313.6);SD
Port:(270.8, 204.4)(350.4, 204.4)(350.4, 308.1)(270.8, 308.1);GATE
Port:(277.7, 210.3)(343.5, 210.3)(343.5, 216.3)(277.7, 216.3);SD
Module:M18
Boundary:(763.5, 114.2)(763.5, 163.9)(760.7, 163.9)(760.7, 178.7)(626.8, 178.7)(626.8, 114.2);GATE
Port:(626.8, 127.2)(630.9, 127.2)(630.9, 165.8)(626.8, 165.8);SD
Port:(763.5, 114.2)(763.5, 163.9)(760.7, 163.9)(760.7, 178.7)(632.6, 178.7)(632.6, 114.2);GATE
Port:(753.4, 120.0)(758.8, 120.0)(758.8, 157.2)(753.4, 157.2);SD
Module:M20
Boundary:(765.2, 10.0)(765.2, 78.9)(749.7, 78.9)(749.7, 94.2)(626.8, 94.2)(626.8, 10.0);GATE
Port:(626.8, 24.2)(632.6, 24.2)(632.6, 80.0)(626.8, 80.0);SD
Port:(765.2, 10.0)(765.2, 78.9)(749.7, 78.9)(749.7, 94.2)(633.6, 94.2)(633.6, 10.0);GATE
Port:(753.4, 16.2)(760.0, 16.2)(760.0, 71.7)(753.4, 71.7);SD
Module:M15
Boundary:(728.1, 416.9)(728.1, 485.8)(622.3, 485.8)(622.3, 416.9);GATE
Port:(622.3, 432.2)(627.3, 432.2)(627.3, 470.6)(622.3, 470.6);SD
Port:(728.1, 416.9)(728.1, 485.8)(629.9, 485.8)(629.9, 416.9);GATE
Port:(716.0, 423.8)(722.2, 423.8)(722.2, 462.8)(716.0, 462.8);SD
Module:M12
Boundary:(20.0, 20.0)(71.5, 20.0)(71.5, 86.5)(87.2, 86.5)(87.2, 169.2)(20.0, 169.2);GATE
Port:(33.7, 163.8)(73.5, 163.8)(73.5, 169.2)(33.7, 169.2);SD
Port:(20.0, 20.0)(71.5, 20.0)(71.5, 86.5)(87.2, 86.5)(87.2, 160.8)(20.0, 160.8);GATE
Port:(26.4, 25.4)(64.2, 25.4)(64.2, 30.8)(26.4, 30.8);SD
Module:M8
Boundary:(235.2, 20.0)(235.2, 74.9)(179.4, 74.9)(179.4, 91.5)(127.2, 91.5)(127.2, 20.0);GATE
Port:(127.2, 34.6)(131.6, 34.6)(131.6, 76.9)(127.2, 76.9);SD
Port:(235.2, 20.0)(235.2, 74.9)(179.4, 74.9)(179.4, 91.5)(133.0, 91.5)(133.0, 20.0);GATE
Port:(223.5, 26.8)(229.4, 26.8)(229.4, 67.1)(223.5, 67.1);SD
Module:M17
Boundary:(160.8, 376.3)(160.8, 491.8)(10.0, 491.8)(10.0, 376.3);GATE
Port:(10.0, 391.8)(15.7, 391.8)(15.7, 476.3)(10.0, 476.3);SD
Port:(160.8, 376.3)(160.8, 491.8)(17.2, 491.8)(17.2, 376.3);GATE
Port:(148.7, 382.3)(155.8, 382.3)(155.8, 466.6)(148.7, 466.6);SD
Module:M4
Boundary:(380.0, 217.0)(445.2, 217.0)(445.2, 321.2)(380.0, 321.2);GATE
Port:(393.8, 316.9)(431.4, 316.9)(431.4, 321.2)(393.8, 321.2);SD
Port:(380.0, 217.0)(445.2, 217.0)(445.2, 316.5)(380.0, 316.5);GATE
Port:(386.1, 221.2)(439.2, 221.2)(439.2, 227.9)(386.1, 227.9);SD
